Bits Cheat Sheet
  2n BitsMax unsigned intMin signed intMax signed int
21 2 1 1 -1 0
22 4 2 3 -2 1
23 8 3 7 -4 3
24 16 4 15 -8 7
25 32 5 31 -16 15
26 64 6 63 -32 31
27 128 7 127 -64 63
28 256 8 255 -128 127
29 512 9 511 -256 255
210 1,024 10 1,023 -512 511
211 2,048 11 2,047 -1,024 1,023
212 4,096 12 4,095 -2,048 2,047
213 8,192 13 8,191 -4,096 4,095
214 16,384 14 16,383 -8,192 8,191
215 32,768 15 32,767 -16,384 16,383
216 65,536 16 65,535 -32,768 32,767
217 131,072 17 131,071 -65,536 65,535
218 262,144 18 262,143 -131,072 131,071
219 524,288 19 524,287 -262,144 262,143
220 1,048,576 20 1,048,575 -524,288 524,287
221 2,097,152 21 2,097,151 -1,048,576 1,048,575
222 4,194,304 22 4,194,303 -2,097,152 2,097,151
223 8,388,608 23 8,388,607 -4,194,304 4,194,303
224 16,777,216 24 16,777,215 -8,388,608 8,388,607
225 33,554,432 25 33,554,431 -16,777,216 16,777,215
226 67,108,864 26 67,108,863 -33,554,432 33,554,431
227 134,217,728 27 134,217,727 -67,108,864 67,108,863
228 268,435,456 28 268,435,455 -134,217,728 134,217,727
229 536,870,912 29 536,870,911 -268,435,456 268,435,455
230 1,073,741,824 30 1,073,741,823 -536,870,912 536,870,911
231 2,147,483,648 31 2,147,483,647 -1,073,741,824 1,073,741,823
232 4,294,967,296 32 4,294,967,295 -2,147,483,648 2,147,483,647
